28.0
43.666666666666664
58.333333333333336
43.0
51.333333333333336
69.66666666666667
68.66666666666667
79.33333333333333
58.666666666666664
55.333333333333336
69.0
81.0
62.666666666666664
67.66666666666667
71.33333333333333
81.33333333333333
78.66666666666667
84.66666666666667
42.333333333333336
37.0
63.0
35.333333333333336
31.0
56.333333333333336
65.33333333333333
41.333333333333336
54.333333333333336
64.66666666666667
49.333333333333336
62.666666666666664
68.0
63.0
62.666666666666664
89.33333333333333
56.666666666666664
59.333333333333336
82.0
69.66666666666667
73.66666666666667
83.33333333333333
52.333333333333336
43.333333333333336
48.333333333333336
76.0
63.333333333333336
63.0
52.0
39.0
54.0
48.333333333333336
59.666666666666664
59.333333333333336
50.0
51.0
35.333333333333336
48.666666666666664
35.0
53.0
59.0
66.33333333333333
84.66666666666667
64.0
32.666666666666664
73.0
63.0
55.333333333333336
50.333333333333336
43.0
39.0
83.0
79.0
68.66666666666667
73.0
74.33333333333333
63.0
68.66666666666667
66.0
74.66666666666667
95.0
60.333333333333336
78.0
77.0
69.0
78.66666666666667
64.0
76.0
60.333333333333336
79.0
67.66666666666667
86.0
47.333333333333336
44.333333333333336
53.0
73.0
62.666666666666664
43.666666666666664
48.333333333333336
65.33333333333333
46.333333333333336
62.666666666666664
52.666666666666664
69.0
47.333333333333336
76.0
42.0
64.33333333333333
69.66666666666667
51.333333333333336
44.666666666666664
71.66666666666667
55.666666666666664
54.333333333333336
53.0
62.0
46.666666666666664
54.666666666666664
72.33333333333333
69.66666666666667
63.666666666666664
58.333333333333336
72.66666666666667
76.33333333333333
43.666666666666664
60.666666666666664
61.0
76.33333333333333
64.66666666666667
53.333333333333336
66.33333333333333
50.333333333333336
65.33333333333333
33.666666666666664
50.0
81.0
48.0
44.0
51.0
48.0
81.33333333333333
72.66666666666667
49.333333333333336
57.333333333333336
60.0
81.33333333333333
57.666666666666664
65.0
63.0
44.666666666666664
45.333333333333336
81.0
81.33333333333333
59.666666666666664
48.666666666666664
56.666666666666664
50.666666666666664
72.66666666666667
53.333333333333336
61.0
51.0
54.666666666666664
43.666666666666664
68.33333333333333
57.0
64.66666666666667
54.333333333333336
34.666666666666664
45.333333333333336
63.0
85.0
72.66666666666667
40.666666666666664
51.0
74.33333333333333
47.333333333333336
37.0
77.66666666666667
52.333333333333336
51.0
64.0
68.33333333333333
63.0
34.666666666666664
37.666666666666664
56.666666666666664
49.333333333333336
73.33333333333333
70.66666666666667
62.0
49.0
43.333333333333336
54.0
47.0
63.0
53.333333333333336
49.666666666666664
81.66666666666667
64.66666666666667
68.33333333333333
46.666666666666664
59.64824120603015 61.02010050251256 58.82914572864322
